% latex table generated in R 3.6.3 by xtable 1.8-4 package
% Wed Nov 16 18:25:09 2022
\begin{tabular}{llrrr}
  \hline
group & condition & Short & Medium & Long \\ 
  \hline
Fan & Arrow & 35.30 & 31.24 & 33.46 \\ 
  Fan & Arrow + team spirit & 36.28 & 29.05 & 34.67 \\ 
  Fan & Arrow + top down view & 33.76 & 30.97 & 35.27 \\ 
  Fan & Arrow + top down view + team spirit & 32.27 & 29.83 & 37.90 \\ 
  Fan & Congestion info + arrow & 28.80 & 35.75 & 35.44 \\ 
  Fan & Congestion info + arrow + team spirit & 24.68 & 34.96 & 40.36 \\ 
  Fan & Congestion info + arrow + top down view & 26.83 & 35.17 & 38.00 \\ 
  Fan & Congestion info + arrow + top down view + team spirit & 27.14 & 34.37 & 38.49 \\ 
  Fan & PriorToInformation & 48.89 & 29.52 & 21.59 \\ 
  Student \& faculty associate & Arrow & 31.99 & 28.63 & 39.38 \\ 
  Student \& faculty associate & Arrow + team spirit & 33.39 & 29.32 & 37.29 \\ 
  Student \& faculty associate & Arrow + top down view & 33.09 & 26.90 & 40.01 \\ 
  Student \& faculty associate & Arrow + top down view + team spirit & 33.58 & 28.04 & 38.38 \\ 
  Student \& faculty associate & Congestion info + arrow & 25.22 & 35.17 & 39.62 \\ 
  Student \& faculty associate & Congestion info + arrow + team spirit & 26.19 & 36.09 & 37.72 \\ 
  Student \& faculty associate & Congestion info + arrow + top down view & 24.87 & 35.45 & 39.67 \\ 
  Student \& faculty associate & Congestion info + arrow + top down view + team spirit & 27.98 & 32.31 & 39.71 \\ 
  Student \& faculty associate & PriorToInformation & 51.00 & 27.15 & 21.85 \\ 
   \hline
\end{tabular}
